 1  1  0.726429  0.614708 
 1  2 -0.273586 -0.154792 
 1  3 -0.236206 -0.256874 
 1  4 -0.479846 -0.523460 
 1  5  0.387022  0.355341 
 1  6 -1.029279 -0.976518 
 1  7  0.780304  0.716354 
 1  8 -0.340422 -0.360283 
 1  9  0.142679  0.136721 
 1  10 -0.111522  0.004521 
 1  11  0.653875  0.564969 
 1  12 -0.921323 -0.885355 
 1  13 -0.144189 -0.157765 
 1  14 -0.171754 -0.137555 
 1  15  0.507037  0.456088 
 1  16 -0.491886 -0.344202 
 1  17 -0.077112 -0.051681 
 1  18 -0.392590 -0.364424 
 1  19  0.018879  0.078599 
 1  20  0.260643  0.256520 
 2  1 -0.492212 -0.547442 
 2  2  0.511936  0.548572 
 2  3  0.403204  0.448100 
 2  4  0.224722  0.234127 
 2  5  0.402875  0.483510 
 2  6 -0.305772 -0.304193 
 2  7 -0.054958 -0.069537 
 2  8 -0.418489 -0.413806 
 2  9 -0.119803 -0.085895 
 2  10  0.237182  0.166251 
 2  11 -0.309320 -0.385682 
 2  12 -0.177434 -0.209995 
 2  13 -0.307313 -0.290162 
 2  14 -0.377987 -0.379453 
 2  15 -0.300190 -0.247013 
 2  16 -0.005664 -0.115006 
 2  17 -0.499676 -0.504626 
 2  18  0.104834  0.099032 
 2  19  0.742286  0.764529 
 2  20  0.331852  0.356451 
 3  1 -0.085791 -0.024399 
 3  2 -0.396960 -0.393641 
 3  3 -0.334139 -0.323227 
 3  4  0.756889  0.680456 
 3  5  0.022722 -0.021026 
 3  6 -0.284873 -0.268924 
 3  7  0.085380  0.069461 
 3  8  0.939263  0.925087 
 3  9  0.053737 -0.027021 
 3  10  0.276022  0.236283 
 3  11  0.134240  0.118440 
 3  12 -0.157531 -0.144765 
 3  13 -0.510950 -0.467682 
 3  14 -0.156231 -0.136982 
 3  15 -0.093420 -0.053672 
 3  16  0.262346  0.229198 
 3  17  0.375205  0.325912 
 3  18  0.416402  0.317229 
 3  19  0.127719  0.132008 
 3  20  0.395847  0.372515 
 4  1 -0.337377 -0.309008 
 4  2  0.560300  0.431638 
 4  3  0.229389  0.123435 
 4  4 -0.133311 -0.099113 
 4  5  0.218472  0.166949 
 4  6 -0.033797 -0.049764 
 4  7  0.506080  0.424171 
 4  8  0.679683  0.560007 
 4  9  0.977419  0.818677 
 4  10 -0.624532 -0.444440 
 4  11 -0.645827 -0.503279 
 4  12 -0.225604 -0.148808 
 4  13  0.071571  0.053011 
 4  14  0.391835  0.282558 
 4  15  0.141156  0.131629 
 4  16 -0.904356 -0.726855 
 4  17 -0.136939 -0.076863 
 4  18  0.370282  0.287701 
 4  19  0.102901  0.015732 
 4  20  0.340782  0.234367 
 5  1 -0.099428 -0.088323 
 5  2 -0.089782 -0.060591 
 5  3  0.083433  0.070198 
 5  4  0.183381  0.170269 
 5  5  0.088682  0.046336 
 5  6  0.053222  0.085794 
 5  7 -0.299929 -0.349072 
 5  8  0.168852  0.180428 
 5  9  0.054480  0.099416 
 5  10  0.505121  0.594200 
 5  11  0.536172  0.613033 
 5  12  0.082804  0.082329 
 5  13 -0.167833 -0.135088 
 5  14 -0.285649 -0.260567 
 5  15  0.189392  0.247834 
 5  16  0.034588  0.016047 
 5  17 -0.153776 -0.079187 
 5  18  0.019497  0.039304 
 5  19 -0.277273 -0.266632 
 5  20  0.312169  0.376783 
 6  1 -0.199962 -0.261117 
 6  2  0.547616  0.597644 
 6  3  0.180447  0.208622 
 6  4  0.265456  0.249646 
 6  5 -0.489659 -0.464642 
 6  6  0.075750  0.092512 
 6  7  0.331187  0.186775 
 6  8 -0.426508 -0.526686 
 6  9 -0.119057 -0.148750 
 6  10  0.014586  0.067487 
 6  11 -0.614077 -0.658798 
 6  12  0.140944  0.151074 
 6  13  0.378415  0.356694 
 6  14 -0.384387 -0.363265 
 6  15  0.156769  0.088085 
 6  16 -0.586871 -0.451065 
 6  17 -0.017305 -0.164682 
 6  18 -0.722595 -0.690408 
 6  19  0.501513  0.478971 
 6  20  0.182866  0.164736 
 7  1 -0.011009  0.065838 
 7  2 -0.346663 -0.307855 
 7  3  0.569641  0.571932 
 7  4  0.879715  0.883753 
 7  5 -0.830915 -0.820837 
 7  6  0.552829  0.506551 
 7  7  0.727908  0.777666 
 7  8  0.151163  0.137814 
 7  9 -0.536329 -0.554000 
 7  10  0.386100  0.526233 
 7  11 -0.080910 -0.102326 
 7  12 -0.270082 -0.321874 
 7  13 -0.550099 -0.455712 
 7  14  0.246208  0.216919 
 7  15  0.354554  0.287242 
 7  16 -0.278851 -0.171145 
 7  17  0.232809  0.234931 
 7  18 -0.511765 -0.541451 
 7  19  0.358603  0.375970 
 7  20  0.020826  0.168087 
 8  1 -0.083437 -0.074605 
 8  2 -0.045502 -0.091377 
 8  3  0.388578  0.258379 
 8  4  0.335594  0.349857 
 8  5  0.236784  0.158455 
 8  6  0.061582 -0.006842 
 8  7  0.034803  0.065432 
 8  8  0.276548  0.231858 
 8  9  0.103975  0.091002 
 8  10  0.305246  0.286307 
 8  11 -0.138688 -0.032839 
 8  12 -1.088893 -0.935649 
 8  13  0.464576  0.396379 
 8  14  0.978047  0.825165 
 8  15  0.197384  0.111647 
 8  16 -0.044791 -0.062928 
 8  17 -0.061020 -0.048454 
 8  18 -0.053243 -0.057484 
 8  19  0.007786 -0.098977 
 8  20 -0.501782 -0.470182 
 9  1 -0.231252 -0.113414 
 9  2 -0.445884 -0.328525 
 9  3  0.111266  0.076367 
 9  4 -0.132662 -0.096034 
 9  5  0.221465  0.197051 
 9  6 -0.078130 -0.065487 
 9  7  0.441103  0.426357 
 9  8  0.095495  0.191136 
 9  9  0.979711  0.946388 
 9  10 -0.848078 -0.855379 
 9  11 -0.289310 -0.347125 
 9  12  0.403157  0.431014 
 9  13  1.130702  1.046535 
 9  14 -0.111193 -0.158949 
 9  15  0.019529  0.198055 
 9  16 -0.101211 -0.078697 
 9  17  0.595446  0.491154 
 9  18 -0.128488  0.024933 
 9  19  0.304136  0.246301 
 9  20 -0.143020 -0.042108 
 10  1 -0.569106 -0.548361 
 10  2  0.140223  0.122018 
 10  3  0.225031  0.263410 
 10  4  0.578348  0.521318 
 10  5 -0.049393 -0.065083 
 10  6 -0.276093 -0.175651 
 10  7  0.251674  0.208569 
 10  8  0.107661  0.055417 
 10  9  0.125517  0.051731 
 10  10 -0.032697  0.105018 
 10  11  0.518919  0.551304 
 10  12  0.165242  0.116424 
 10  13  0.851789  0.915531 
 10  14  0.496880  0.460533 
 10  15  0.294736  0.343647 
 10  16 -0.727813 -0.727627 
 10  17  0.269365  0.222374 
 10  18  0.187956  0.103998 
 10  19  0.362669  0.356192 
 10  20  0.467089  0.488128 
 11  1 -0.179278 -0.174886 
 11  2  0.368507  0.387769 
 11  3 -0.251471 -0.274668 
 11  4  0.874248  0.963078 
 11  5 -0.595667 -0.664065 
 11  6 -0.787404 -0.720903 
 11  7 -0.738225 -0.830058 
 11  8 -0.398269 -0.372760 
 11  9 -0.500484 -0.580392 
 11  10  0.874785  0.828209 
 11  11 -0.146015 -0.255767 
 11  12 -0.600463 -0.684055 
 11  13  0.498367  0.481205 
 11  14 -0.262301 -0.197427 
 11  15 -0.553138 -0.751278 
 11  16  0.391687  0.403809 
 11  17  0.278776  0.304676 
 11  18 -0.194519 -0.240665 
 11  19  0.629471  0.645260 
 11  20  0.057736 -0.010510 
 12  1  0.723122  0.728661 
 12  2  0.224833  0.226487 
 12  3  0.697119  0.643434 
 12  4  0.048926  0.017458 
 12  5 -0.545486 -0.559341 
 12  6  1.095391  1.150756 
 12  7 -0.244078 -0.244378 
 12  8 -0.088923 -0.108986 
 12  9 -0.313228 -0.427072 
 12  10 -0.090961 -0.043890 
 12  11  0.108525  0.122389 
 12  12  0.090261  0.107102 
 12  13  0.295617  0.346855 
 12  14  0.801478  0.843097 
 12  15 -0.053873 -0.186640 
 12  16 -0.551468 -0.481854 
 12  17 -0.528749 -0.610084 
 12  18 -0.297734 -0.391875 
 12  19 -0.748723 -0.919685 
 12  20  0.368965  0.412686 
 13  1 -0.222808 -0.169104 
 13  2 -0.139077 -0.101307 
 13  3 -0.000846 -0.031106 
 13  4 -0.624588 -0.581427 
 13  5 -0.385192 -0.376370 
 13  6  0.301740  0.288669 
 13  7  0.276619  0.212268 
 13  8 -0.198193 -0.182663 
 13  9  0.809696  0.764062 
 13  10 -0.583939 -0.509037 
 13  11 -0.154283 -0.123392 
 13  12 -0.103235 -0.029149 
 13  13 -1.249106 -1.112933 
 13  14  0.866489  0.817600 
 13  15  0.163829  0.232512 
 13  16 -0.467155 -0.468233 
 13  17  0.917313  0.839021 
 13  18  0.261916  0.017915 
 13  19  0.192090  0.240046 
 13  20 -0.271458 -0.371227 
 14  1  0.047504 -0.068191 
 14  2 -0.682305 -0.603049 
 14  3  0.355546  0.275498 
 14  4 -0.167454 -0.331420 
 14  5  0.059948  0.109729 
 14  6  0.537575  0.522485 
 14  7  0.127343  0.107026 
 14  8  0.117379  0.093651 
 14  9  0.123654  0.152061 
 14  10 -0.327929 -0.354880 
 14  11  0.373873  0.406430 
 14  12  0.690211  0.742836 
 14  13  0.339348  0.522461 
 14  14  0.395743  0.384461 
 14  15 -0.392332 -0.319568 
 14  16 -0.388086 -0.562736 
 14  17 -0.644379 -0.666367 
 14  18  0.551080  0.584451 
 14  19 -0.113673 -0.142623 
 14  20  0.626029  0.497584 
 15  1 -0.349682 -0.322120 
 15  2 -0.195660 -0.311946 
 15  3  0.042675  0.029897 
 15  4  0.412085  0.315811 
 15  5  0.027168  0.030193 
 15  6  0.094418  0.258969 
 15  7  0.007391 -0.119792 
 15  8  0.079241  0.117801 
 15  9 -0.499301 -0.621990 
 15  10  0.036192  0.072308 
 15  11 -0.083441 -0.085371 
 15  12 -0.025413 -0.037462 
 15  13  0.220180  0.095286 
 15  14 -0.304409 -0.263103 
 15  15 -0.037793 -0.023828 
 15  16 -0.132984 -0.028487 
 15  17  0.186623  0.324711 
 15  18  0.350960  0.270200 
 15  19 -0.427279 -0.565999 
 15  20  0.262027  0.150839 
 16  1  0.923846  1.002796 
 16  2 -0.657921 -0.690001 
 16  3 -0.371264 -0.163235 
 16  4 -0.393806 -0.240408 
 16  5 -0.124816 -0.301866 
 16  6  0.725760  0.668119 
 16  7  0.005971  0.028977 
 16  8 -0.310676 -0.252086 
 16  9  0.278079  0.055979 
 16  10 -0.268241 -0.176556 
 16  11  0.502405  0.560229 
 16  12  0.136520  0.244126 
 16  13  0.621081  0.536388 
 16  14 -0.295762 -0.081535 
 16  15  1.355441  1.226741 
 16  16  0.368765  0.329898 
 16  17  0.292737  0.303103 
 16  18 -0.022892 -0.070236 
 16  19 -0.324497 -0.065206 
 16  20 -0.388078 -0.451300 
 17  1 -0.060811 -0.070510 
 17  2 -0.356550 -0.263975 
 17  3  0.126416  0.193338 
 17  4 -0.369442 -0.153759 
 17  5  0.277757  0.236764 
 17  6  0.427591  0.462957 
 17  7 -0.315661 -0.356829 
 17  8  0.533385  0.516829 
 17  9 -0.106411  0.004743 
 17  10  0.516660  0.596273 
 17  11  0.195954  0.057047 
 17  12  0.501920  0.687272 
 17  13 -0.445881 -0.495024 
 17  14 -0.047760 -0.068117 
 17  15  0.649099  0.495177 
 17  16 -0.276394 -0.059427 
 17  17 -0.911064 -1.002629 
 17  18 -0.868752 -0.835785 
 17  19 -1.120914 -0.999323 
 17  20 -0.945483 -0.840379 
 18  1 -0.184091 -0.101687 
 18  2  0.571775  0.698587 
 18  3 -0.197771 -0.357515 
 18  4  0.144686  0.144312 
 18  5 -0.049190  0.027327 
 18  6  0.003823  0.122024 
 18  7 -0.075221 -0.115679 
 18  8 -0.077896 -0.012986 
 18  9  0.206239  0.257684 
 18  10 -0.525915 -0.738572 
 18  11  0.451743  0.482806 
 18  12  0.411445  0.405771 
 18  13 -0.087232  0.009882 
 18  14  0.360183  0.338565 
 18  15 -0.313651 -0.100862 
 18  16 -0.240253 -0.067986 
 18  17  0.069883  0.158800 
 18  18 -0.085069  0.043326 
 18  19 -0.200682 -0.142842 
 18  20 -0.300728 -0.108908 
 19  1 -0.249319 -0.193831 
 19  2  0.420009  0.227131 
 19  3 -0.869081 -0.780386 
 19  4  0.157640  0.110930 
 19  5 -0.105738  0.096241 
 19  6  0.325488  0.293605 
 19  7  0.230348  0.115722 
 19  8 -1.244387 -1.002405 
 19  9  0.261462  0.092032 
 19  10  0.145020  0.134563 
 19  11  0.009777 -0.023433 
 19  12 -0.209597 -0.264671 
 19  13  0.381599  0.148306 
 19  14 -0.184712 -0.133275 
 19  15  0.820511  0.546142 
 19  16  0.252400  0.172086 
 19  17  0.956066  0.687958 
 19  18 -0.351301 -0.282956 
 19  19 -0.785274 -0.537080 
 19  20  0.319664  0.171572 
 20  1  0.381341  0.393702 
 20  2  0.015814  0.037423 
 20  3 -0.688169 -0.448864 
 20  4 -0.200305 -0.293346 
 20  5  0.276372  0.140309 
 20  6 -0.082366 -0.106770 
 20  7 -0.051870  0.153316 
 20  8 -0.078468  0.015019 
 20  9 -0.417659 -0.201599 
 20  10 -0.238374 -0.379858 
 20  11 -0.637975 -0.460368 
 20  12  0.790656  0.597029 
 20  13 -0.212593 -0.179322 
 20  14  0.213594  0.363989 
 20  15 -0.457001 -0.382457 
 20  16  0.355324  0.048226 
 20  17 -0.837703 -0.653707 
 20  18  0.411712  0.453300 
 20  19 -0.015817  0.088557 
 20  20  0.943891  0.637953 
